2.7223331 0.010996110596727924
2.7767797620000003 0.010964711489459352
2.83231535724 0.010932768657374985
2.8889616643848006 0.010900274211196067
2.946740897672496 0.010867220548032006
3.005675715625946 0.010833599892839014
3.0657892299384653 0.010799404412664854
3.1271050145372348 0.010764626354575188
3.1896471148279795 0.010729257790607988
3.253440057124539 0.010693290921377437
3.3185088582670303 0.010656717822942613
3.38487903543237 0.010619530626129803
3.452576616141018 0.010581721449139242
3.5216281484638383 0.010543282376668173
3.592060711433115 0.010504205485645868
3.663901925661778 0.010464482913557331
3.7371799641750125 0.010424106772484962
3.8119235634585134 0.010383069285142077
3.8881620347276837 0.01034136254907856
3.9659252754222374 0.010298978762274834
4.045243780930682 0.010255910153000454
4.126148656549296 0.010212149099057478
4.208671629680283 0.010167687908522923
4.292845062273888 0.010122518995465325
4.378701963519365 0.010076634826479016
4.466276002789753 0.010030027940379048
4.555601522845548 0.00998269097924847
4.646713553302459 0.009934616683712798
4.739647824368507 0.009885797898311831
4.8344407808558785 0.009836227576440471
4.931129596472996 0.009785898810669593
5.0297521884024565 0.009734804811801983
5.1303472321705055 0.009682938745197217
5.232954176813916 0.009630294213679535
5.337613260350195 0.009576865046873358
5.444365525557199 0.009522645122212244
5.553252836068343 0.009467627987155836
5.664317892789708 0.009411808357952321
5.777604250645504 0.009355180726668565
5.893156335658413 0.009297739215614356
6.011019462371582 0.009239479460718788
6.1312398516190125 0.009180395979738189
6.253864648651393 0.009120484799868198
6.378941941624421 0.00905974111223772
6.506520780456911 0.008998161406166673
6.636651196066049 0.008935741710887872
6.76938421998737 0.008872478777841883
6.904771904387118 0.008808369728528257
7.042867342474861 0.008743411829677862
7.183724689324358 0.008677602865585133
7.3273991831108445 0.008610941020647933
7.473947166773063 0.008543424851371571
7.623426110108525 0.00847505337928703
7.775894632310695 0.008405826077426341
7.93141252495691 0.00833574286800374
8.090040775456044 0.008264804171066885
8.251841590965167 0.008193010923434527
8.416878422784471 0.008120364603451865
8.58521599124016 0.008046867184096215
8.756920311064963 0.007972521299551453
8.932058717286264 0.007897330145600028
9.110699891631985 0.007821297487132358
9.292913889464625 0.007744427612400418
9.478772167253918 0.007666725810455168
9.668347610598998 0.007588197758359443
9.861714562810977 0.007508849750587881
10.058948854067198 0.007428689215377896
10.260127831148543 0.00734772378523568
10.465330387771514 0.007265962351226591
10.674636995526944 0.007183414210049792
10.888129735437484 0.0071000895999865955
11.105892330146235 0.0070159997246505845
11.32801017674916 0.006931156396946511
11.554570380284144 0.006845572376416112
11.785661787889827 0.006759261344382069
12.021375023647623 0.006672237918897569
12.261802524120577 0.006584517571855949
12.507038574602989 0.00649611672895179
12.75717934609505 0.0064070527875726415
13.012322933016952 0.006317344133981491
13.27256939167729 0.006227010117835879
13.53802077951083 0.006136071113094846
13.808781195101048 0.006044548602025742
14.08495681900307 0.005952465041571312
14.366655955383132 0.005859843770362427
14.653989074490797 0.0057667095478387545
14.947068855980612 0.00567308796040284
15.246010233100218 0.005579005697516384
15.550930437762224 0.0054844906373786514
15.86194904651747 0.005389571701149306
16.179188027447818 0.005294278858123914
16.502771787996778 0.005198643290452906
16.832827223756713 0.005102697224085335
17.16948376823185 0.00500647399603286
17.512873443596487 0.004910008029351552
17.863130912468417 0.0048133348553763755
18.220393530717786 0.004716491104286367
18.584801401332143 0.004619514469910744
18.956497429358787 0.004522443680144222
19.335627377945965 0.004425318510345125
19.722339925504883 0.004328179757684052
20.116786724014982 0.0042310693344242084
20.519122458495282 0.004134029914480597
20.92950490766519 0.004037105282821407
21.348095005818493 0.003940340067022731
21.775056905934864 0.0038437798314291467
22.210558044053563 0.0037474708032111024
22.654769204934638 0.0036514602881727123
23.10786458903333 0.0035557961397662445
23.57002188081398 0.0034605268546340244
24.041422318430257 0.0033657017343304467
24.522250764798866 0.0032713705898353767
25.012695780094845 0.003177583746997863
25.51294969569674 0.003084391985631295
26.023208689610676 0.002991846453578018
26.543672863402893 0.002899998629296274
27.07454632067095 0.002808900179383525
27.61603724708437 0.002718602961798778
28.16835799202606 0.0026291588241919824
28.731725151866584 0.0025406196473898445
29.30635965490392 0.002453037116939819
29.892486848001997 0.0023664626997112973
30.490336584962037 0.002280947558703925
31.10014331666128 0.0021965423857338556
31.722146182994507 0.002113297311577621
32.3565891066544 0.002031261812676725
33.00372088878749 0.0019504845799327023
33.663795306563244 0.001871013413887986
34.33707121269451 0.0017928950608539866
35.0238126369484 0.0017161751516156715
35.72428888968737 0.0016408980153966096
36.43877466748112 0.0015671066155989728
37.16755016083074 0.001494842347706657
37.91090116404736 0.0014241450120001228
38.669119187328306 0.0013550525601197022
39.44250157107484 0.0012876010604406087
40.23135160249634 0.0012218245618835907
41.03597863454627 0.0011577549279777458
41.856698207237194 0.0010954217486530025
42.69383217138194 0.0010348522053185065
43.54770881480958 0.0009760709586904979
44.418662991105776 0.0009191000263020933
45.307036250927894 0.0008639587093315511
46.21317697594646 0.000810663437605314
47.137440515465386 0.0007592277109888328
48.0801893257747 0.000709662017505639
49.04179311229019 0.0006619737163246114
50.022628974536005 0.0006161669908554488
51.023081554026724 0.0005722427809940774
52.04354318510726 0.0005301987316978031
53.08441404880941 0.0004900291434748784
54.1461023297856 0.0004517249418294379
55.22902437638132 0.00041527366563388066
56.333604863908946 0.0003806594611906723
57.46027696118713 0.00034786307292983314
58.60948250041087 0.00031686188342818823
59.78167215041909 0.00028762993726374857
60.97730559342748 0.00026013799522200384
62.196851705296034 0.00023435359620084515
63.44078873940195 0.00021024113687121728
64.70960451418999 0.00018776197320005428
66.00379660447373 0.00016687452716796584
67.32387253656321 0.00014753441267990116
68.67034998729449 0.00012969458106266516
70.04375698704038 0.00011330547735837651
71.44463212678119 0.00009831521469547637