2.7223331 0.020416754058042084
2.7767797620000003 0.020356043045481286
2.83231535724 0.02029428818921367
2.8889616643848006 0.02023147504059087
2.946740897672496 0.02016758909500852
3.005675715625946 0.02010261579866092
3.0657892299384653 0.02003654055566204
3.1271050145372348 0.0199693487355449
3.1896471148279795 0.019901025681151128
3.253440057124539 0.01983155671692332
3.3185088582670303 0.019760927157612337
3.38487903543237 0.019689122317412423
3.452576616141018 0.019616127519536473
3.5216281484638383 0.01954192810624472
3.592060711433115 0.01946650944933936
3.663901925661778 0.01938985696113838
3.7371799641750125 0.019311956105941504
3.8119235634585134 0.019232792412001414
3.8881620347276837 0.019152351484013362
3.9659252754222374 0.019070619016136117
4.045243780930682 0.018987580805557482
4.126148656549296 0.018903222766617236
4.208671629680283 0.01881753094550028
4.292845062273888 0.018730491535512924
4.378701963519365 0.018642090892954485
4.466276002789753 0.0185523155535969
4.555601522845548 0.01846115224978404
4.646713553302459 0.018368587928162615
4.739647824368507 0.018274609768055974
4.8344407808558785 0.018179205200491717
4.931129596472996 0.01808236192789364
5.0297521884024565 0.017984067944447735
5.1303472321705055 0.01788431155715189
5.232954176813916 0.017783081407557595
5.337613260350195 0.017680366494211855
5.444365525557199 0.01757615619580624
5.553252836068343 0.017470440295039396
5.664317892789708 0.017363209003198217
5.777604250645504 0.01725445298546191
5.893156335658413 0.01714416338693199
6.011019462371582 0.017032331859389963
6.1312398516190125 0.01691895058878324
6.253864648651393 0.016804012323438235
6.378941941624421 0.01668751040299811
6.506520780456911 0.016569438788081
6.636651196066049 0.016449792090652653
6.76938421998737 0.01632856560510562
6.904771904387118 0.016205755340035023
7.042867342474861 0.016081358050698862
7.183724689324358 0.015955371272148283
7.3273991831108445 0.015827793353011144
7.473947166773063 0.015698623489909292
7.623426110108525 0.015567861762487372
7.775894632310695 0.015435509169028201
7.93141252495691 0.01530156766262643
8.090040775456044 0.015166040187889297
8.251841590965167 0.01502893071812968
8.416878422784471 0.014890244293013333
8.58521599124016 0.01474998705661818
8.756920311064963 0.014608166295860148
8.932058717286264 0.014464790479235398
9.110699891631985 0.014319869295825126
9.292913889464625 0.014173413694504373
9.478772167253918 0.014025435923291881
9.668347610598998 0.01387594956877329
9.861714562810977 0.01372496959552498
10.058948854067198 0.013572512385461
10.260127831148543 0.01341859577702011
10.465330387771514 0.013263239104104619
10.674636995526944 0.013106463234677393
10.888129735437484 0.012948290608917385
11.105892330146235 0.012788745276828571
11.32801017674916 0.01262785293519105
11.554570380284144 0.012465640963737225
11.785661787889827 0.012302138460429619
12.021375023647623 0.01213737627571096
12.261802524120577 0.011971387045590743
12.507038574602989 0.011804205223426192
12.75717934609505 0.01163586711024938
13.012322933016952 0.011466410883485718
13.27256939167729 0.011295876623903038
13.53802077951083 0.011124306340624042
13.808781195101048 0.010951743994028951
14.08495681900307 0.010778235516369182
14.366655955383132 0.010603828829906962
14.653989074490797 0.010428573862390357
14.947068855980612 0.010252522559667758
15.246010233100218 0.010075728895240839
15.550930437762224 0.00989824887655033
15.86194904651747 0.009720140547784683
16.179188027447818 0.009541463988997802
16.502771787996778 0.009362281311318837
16.832827223756713 0.009182656648034221
17.16948376823185 0.00900265614132011
17.512873443596487 0.008822347924402035
17.863130912468417 0.008641802098918034
18.220393530717786 0.008461090707261783
18.584801401332143 0.008280287699683631
18.956497429358787 0.008099468895929591
19.335627377945965 0.007918711941201804
19.722339925504883 0.007738096256228619
20.116786724014982 0.007557702981238169
20.519122458495282 0.007377614913636733
20.92950490766519 0.007197916439201683
21.348095005818493 0.007018693456609148
21.775056905934864 0.006840033295128382
22.210558044053563 0.006662024625328333
22.654769204934638 0.006484757362657335
23.10786458903333 0.006308322563774069
23.57002188081398 0.006132812315527131
24.041422318430257 0.005958319616501787
24.522250764798866 0.0057849382510759524
25.012695780094845 0.0056127626559525695
25.51294969569674 0.005441887779163682
26.023208689610676 0.005272408931571167
26.543672863402893 0.005104421630921313
27.07454632067095 0.004938021438545106
27.61603724708437 0.004773303788832684
28.16835799202606 0.004610363811649694
28.731725151866584 0.004449296147904485
29.30635965490392 0.004290194758518742
29.892486848001997 0.004133152727099759
30.490336584962037 0.003978262056660323
31.10014331666128 0.0038256134607818106
31.722146182994507 0.003675296149667542
32.3565891066544 0.00352739761158638
33.00372088878749 0.0033820033902610836
33.663795306563244 0.0032391968588114375
34.33707121269451 0.003099058990918639
35.0238126369484 0.002961668129934515
35.72428888968737 0.0028270997567164235
36.43877466748112 0.002695426257025871
37.16755016083074 0.0025667166893854703
37.91090116404736 0.0024410365543445535
38.669119187328306 0.0023184475661578415
39.44250157107484 0.002199007427933726
40.23135160249634 0.0020827696113582457
41.03597863454627 0.0019697831421472945
41.856698207237194 0.0018600923924220062
42.69383217138194 0.0017537368812405077
43.54770881480958 0.001650751084552094
44.418662991105776 0.001551164255866914
45.307036250927894 0.0014550002589547592
46.21317697594646 0.001362277413899607
47.137440515465386 0.0012730083578415868
48.0801893257747 0.0011871999217341865
49.04179311229019 0.0011048530244310774
50.022628974536005 0.0010259625853931843
51.023081554026724 0.0009505174572718856
52.04354318510726 0.0008785003795778219
53.08441404880941 0.000809887954586116
54.1461023297856 0.0007446506465573959
55.22902437638132 0.0006827528052692592
56.333604863908946 0.0006241527147545571
57.46027696118713 0.0005688026680306318
58.60948250041087 0.0005166490684774846
59.78167215041909 0.00046763255838258507
60.97730559342748 0.0004216881750159751
62.196851705296034 0.0003787455344316707
63.44078873940195 0.00033872904301066395
64.70960451418999 0.00030155813656778584
66.00379660447373 0.00026714754664017786
67.32387253656321 0.00023540759336022503
68.67034998729449 0.00020624450409198117
70.04375698704038 0.0001795607567787364
71.44463212678119 0.0001552554467125293