2.7223331 0.017738703645961817
2.7767797620000003 0.0176848546540598
2.83231535724 0.017630083552812963
2.8889616643848006 0.017574376910550523
2.946740897672496 0.017517722557220915
3.005675715625946 0.017460107732765205
3.0657892299384653 0.01740151953952559
3.1271050145372348 0.017341945489621598
3.1896471148279795 0.017281372471309283
3.253440057124539 0.01721978796137821
3.3185088582670303 0.017157178998427874
3.38487903543237 0.017093532894740117
3.452576616141018 0.017028836954940722
3.5216281484638383 0.016963078382366995
3.592060711433115 0.016896244371907006
3.663901925661778 0.0168283223718016
3.7371799641750125 0.016759299727638816
3.8119235634585134 0.01668916421471443
3.8881620347276837 0.01661790308051633
3.9659252754222374 0.0165455039345569
4.045243780930682 0.016471954453493944
4.126148656549296 0.016397242842773076
4.208671629680283 0.016321356944052557
4.292845062273888 0.01624428492200395
4.378701963519365 0.016166015033489366
4.466276002789753 0.016086535688730627
4.555601522845548 0.0160058355569557
4.646713553302459 0.015923903528348753
4.739647824368507 0.01584072871564972
4.8344407808558785 0.015756300453301997
4.931129596472996 0.01567060839696917
5.0297521884024565 0.015583642417910054
5.1303472321705055 0.015495391929484386
5.232954176813916 0.015405847784741848
5.337613260350195 0.015315001411950715
5.444365525557199 0.015222844078146088
5.553252836068343 0.015129365365346963
5.664317892789708 0.015034559092690563
5.777604250645504 0.01493841775717959
5.893156335658413 0.014840931932653414
6.011019462371582 0.01474209770325723
6.1312398516190125 0.014641906206019175
6.253864648651393 0.0145403540037054
6.378941941624421 0.014437433771437044
6.506520780456911 0.014333142703176517
6.636651196066049 0.014227475527437656
6.76938421998737 0.014120429145344627
6.904771904387118 0.014012001199550624
7.042867342474861 0.013902189154006962
7.183724689324358 0.013790991723531563
7.3273991831108445 0.013678408371217308
7.473947166773063 0.013564439159104083
7.623426110108525 0.013449085073457417
7.775894632310695 0.013332347930116444
7.93141252495691 0.01321423032343164
8.090040775456044 0.013094735774445462
8.251841590965167 0.012973868761410963
8.416878422784471 0.012851634772225605
8.58521599124016 0.012728040076603057
8.756920311064963 0.012603092330559281
8.932058717286264 0.012476800141020128
9.110699891631985 0.012349173049073832
9.292913889464625 0.012220221305536643
9.478772167253918 0.012089957679412027
9.668347610598998 0.011958395026026683
9.861714562810977 0.011825547133680572
10.058948854067198 0.011691430673905783
10.260127831148543 0.011556061552600628
10.465330387771514 0.011419458940853727
10.674636995526944 0.01128164192796968
10.888129735437484 0.011142631544130739
11.105892330146235 0.011002450799494202
11.32801017674916 0.010861123265294727
11.554570380284144 0.010718674325264955
11.785661787889827 0.010575131030409158
12.021375023647623 0.010430522108161616
12.261802524120577 0.010284877598633524
12.507038574602989 0.010138229192082753
12.75717934609505 0.009990610252130784
13.012322933016952 0.009842055837289662
13.27256939167729 0.009692602562000703
13.53802077951083 0.009542288787147635
13.808781195101048 0.009391154898198138
14.08495681900307 0.009239242760877944
14.366655955383132 0.009086595337670946
14.653989074490797 0.008933258686973596
14.947068855980612 0.00877927969182166
15.246010233100218 0.0086247070725486
15.550930437762224 0.008469591682917475
15.86194904651747 0.008313985936515422
16.179188027447818 0.008157943811090073
16.502771787996778 0.008001521443419491
16.832827223756713 0.007844776486046404
17.16948376823185 0.007687768349020422
17.512873443596487 0.007530558100935267
17.863130912468417 0.0073732085499195405
18.220393530717786 0.007215784211182722
18.584801401332143 0.007058351184335724
18.956497429358787 0.006900977057776169
19.335627377945965 0.00674373097568899
19.722339925504883 0.006586683566927445
20.116786724014982 0.006429907308574667
20.519122458495282 0.006273475279200541
20.92950490766519 0.006117462464570453
21.348095005818493 0.005961944829987669
21.775056905934864 0.005806999712374229
22.210558044053563 0.005652704896448425
22.654769204934638 0.005499140164435216
23.10786458903333 0.0053463854699525
23.57002188081398 0.005194521362507017
24.041422318430257 0.005043629642442851
24.522250764798866 0.004893792404844632
25.012695780094845 0.004745092159779135
25.51294969569674 0.004597611724137792
26.023208689610676 0.004451434034237187
26.543672863402893 0.004306642134523666
27.07454632067095 0.004163318811399984
27.61603724708437 0.004021546735537333
28.16835799202606 0.0038814079124897412
28.731725151866584 0.0037429839747212847
29.30635965490392 0.0036063555603319556
29.892486848001997 0.0034716023930044353
30.490336584962037 0.003338803159594926
31.10014331666128 0.0032080351205324566
31.722146182994507 0.0030793739886412113
32.3565891066544 0.0029528938017296946
33.00372088878749 0.0028286666761719653
33.663795306563244 0.0027067626538637337
34.33707121269451 0.002587249365193807
35.0238126369484 0.002470192027095005
35.72428888968737 0.0023556530471657675
36.43877466748112 0.002243692021466056
37.16755016083074 0.0021343652972778296
37.91090116404736 0.0020277260934774607
38.669119187328306 0.0019238239141391405
39.44250157107484 0.0018227046498941015
40.23135160249634 0.0017244103596776674
41.03597863454627 0.001628978968694978
41.856698207237194 0.0015364442019644953
42.69383217138194 0.001446835376588353
43.54770881480958 0.0013601772618356699
44.418662991105776 0.001276489908219603
45.307036250927894 0.0011957886136216218
46.21317697594646 0.0011180836568208884
47.137440515465386 0.0010433802986258873
48.0801893257747 0.0009716787121220398
49.04179311229019 0.0009029738116759496
50.022628974536005 0.0008372552700267851
51.023081554026724 0.0007745074698745357
52.04354318510726 0.0007147094926255226
53.08441404880941 0.0006578351051167097
54.1461023297856 0.0006038527874838551
55.22902437638132 0.0005527257998233577
56.333604863908946 0.0005044122539007529
57.46027696118713 0.0004588651671513126
58.60948250041087 0.0004160326274147932
59.78167215041909 0.00037585790720349126
60.97730559342748 0.00033827963966630027
62.196851705296034 0.0003032320010703749
63.44078873940195 0.0002706449232595982
64.70960451418999 0.00024044434188932182
66.00379660447373 0.0002125524456926748
67.32387253656321 0.00018688795562497585
68.67034998729449 0.00016336643322353923
70.04375698704038 0.00014190059936012997
71.44463212678119 0.00012240067804724465