0.1054188888404719 0.0032743718529682463
0.1111582278944452 0.0032743718529682463
0.12836100358203914 0.0032743718529682463
0.13637831176829904 0.003260086982607346
0.15748413137735778 0.0032678709870966336
0.1673204428774526 0.0032743718529682463
0.19468366820823596 0.0032743718529682463
0.20684342797405475 0.003260086982607346
0.23885438353975133 0.0031813621481132045
0.25377300485805077 0.0030665202542583766
0.29527449622026714 0.0030665202542583766
0.31371706498865104 0.003079956964543978
0.3622677157195609 0.003115663910602213
0.3848946182974909 0.0031895920049128767
0.4478394562859596 0.0032035679842463806
0.4758110897168003 0.003182626896404282
0.5494473072160609 0.0031687422752727395
0.5837652719493793 0.003026560817889105
0.6792329888758535 0.003103304650469334
0.7216572458552073 0.003113806888450868
0.8333404559866486 0.0031094781399893033
0.8853901211752911 0.003006776790748573
1.0301849171651236 0.0030241558378697026
1.0945293032268195 0.0030464750202162756
1.2639179525743889 0.0029120937158701294
1.342861085341804 0.0029871220878653184
1.5506814011952594 0.002874717842841441
1.6537859460117956 0.002924660017753324
1.9169699243131804 0.0028378216782359547
2.0367020722251232 0.002719121054169292
2.3519007719040825 0.0026762321051434783
2.498798293625358 0.002713183312551819
2.907446391782298 0.002589898212789376
3.089042773140053 0.0026084939919089273
3.552124464002416 0.0024554040004628403
3.789898834847811 0.0023796594794912246
4.3805660696782 0.002301634632871671
4.667408638386785 0.002274541009193945
5.410181411835007 0.002176515753396061
5.748096280929451 0.002096280066129853
6.637667955690413 0.001992296869350776
7.052250485849738 0.0019418698414881501
8.143652224603626 0.0017860095814436125
8.652297123166138 0.0017446136020916015
9.991321047995005 0.0015821036833560819
10.61536961254557 0.0015268118680854192
12.258197370279625 0.001367090928666999
13.023832908979045 0.0012959257667332588
14.925925836089107 0.0011409212925130516
15.858185198775564 0.0010879969954196934
18.17422703639747 0.0009232854345234374
19.236393048264713 0.0008796259328166134
21.962490820160706 0.0007173363188881455
23.24605634613342 0.0006638379621004907
26.360103657125862 0.0005518706925435052
27.879559290961947 0.0005037321353238697
31.590378491439637 0.0003889460080848965
33.88272395493644 0.00033525318208529116
37.31757342286131 0.0002663603468491785
40.764804430832314 0.00020537514043496898
43.58513785916186 0.0001702382893190378
49.199743216739854 0.00011151860008666567
51.486929244787355 0.0000969583834046085
55.74831702602659 0.00006699610431791239
61.052024549115764 0.00004129192947884553
63.40816702321804 0.00003508422379391242
67.11396423550015 0.000023728692170631965
69.17815819995639 0.00002027539673846681
71.84790745100639 0.000013754661574503094
74.05770117439265 0.000011653418307144291
