2.7223331 0.01957980223771181
2.7767797620000003 0.019521981948195332
2.83231535724 0.019463166542977077
2.8889616643848006 0.01940334154850146
2.946740897672496 0.019342493480687874
3.005675715625946 0.01928060836138509
3.0657892299384653 0.019217672082657466
3.1271050145372348 0.01915367084727779
3.1896471148279795 0.019088590341243244
3.253440057124539 0.019022416707993227
3.3185088582670303 0.0189551357266121
3.38487903543237 0.01888673338468598
3.452576616141018 0.018817195654785342
3.5216281484638383 0.018746508421212657
3.592060711433115 0.018674657556583193
3.663901925661778 0.0186016291346523
3.7371799641750125 0.01852740914659968
3.8119235634585134 0.018451983931310745
3.8881620347276837 0.018375339408649383
3.9659252754222374 0.0182974617972296
4.045243780930682 0.018218337380240108
4.126148656549296 0.01813795287975015
4.208671629680283 0.018056294742243954
4.292845062273888 0.017973349694008434
4.378701963519365 0.017889104558989857
4.466276002789753 0.01780354631152622
4.555601522845548 0.017716662165056733
4.646713553302459 0.017628439545406042
4.739647824368507 0.017538866096092388
4.8344407808558785 0.01744792968180465
4.931129596472996 0.017355618472858426
5.0297521884024565 0.017261920864635037
5.1303472321705055 0.017166824939287163
5.232954176813916 0.01707031999970396
5.337613260350195 0.016972395878482045
5.444365525557199 0.01687304234923184
5.553252836068343 0.01677224790203536
5.664317892789708 0.016670004526051958
5.777604250645504 0.01656630323151752
5.893156335658413 0.01646113356878719
6.011019462371582 0.016354489635057395
6.1312398516190125 0.016246361638081987
6.253864648651393 0.016136744278882505
6.378941941624421 0.016025629235342204
6.506520780456911 0.015913011961288605
6.636651196066049 0.015798886049230697
6.76938421998737 0.01568324698572807
6.904771904387118 0.015566091003306916
7.042867342474861 0.015447414342394295
7.183724689324358 0.01532721441581983
7.3273991831108445 0.01520548941036986
7.473947166773063 0.015082238173819016
7.623426110108525 0.014957460486552453
7.775894632310695 0.014831156993409195
7.93141252495691 0.014703329170871283
8.090040775456044 0.014573979455929536
8.251841590965167 0.014443111279815062
8.416878422784471 0.014310729119705006
8.58521599124016 0.014176838322781186
8.756920311064963 0.014041445606860768
8.932058717286264 0.0139045587162218
9.110699891631985 0.013766186417338198
9.292913889464625 0.01362633832568856
9.478772167253918 0.013485026387766651
9.668347610598998 0.013342262911827383
9.861714562810977 0.013198061265897674
10.058948854067198 0.013052437478456046
10.260127831148543 0.01290540727316589
10.465330387771514 0.012756989367076657
10.674636995526944 0.012607202749545195
10.888129735437484 0.012456068343135836
11.105892330146235 0.012303609047019357
11.32801017674916 0.012149848586816437
11.554570380284144 0.011994812547442866
11.785661787889827 0.011838528264921452
12.021375023647623 0.011681024844089019
12.261802524120577 0.011522332870137668
12.507038574602989 0.011362484694608014
12.75717934609505 0.011201514463974134
13.012322933016952 0.011039458146640977
13.27256939167729 0.010876353427548124
13.53802077951083 0.010712239873520782
13.808781195101048 0.010547159171001642
14.08495681900307 0.010381154685960577
14.366655955383132 0.01021427115401383
14.653989074490795 0.010046556337637612
14.947068855980612 0.009878059158716973
15.246010233100218 0.009708830540410765
15.550930437762224 0.009538923657557909
15.86194904651747 0.009368393468643038
16.179188027447818 0.009197296721983224
16.502771787996778 0.009025692454025555
16.832827223756713 0.008853641458720977
17.16948376823185 0.008681206490250132
17.512873443596487 0.008508452182526764
17.863130912468417 0.008335445117292006
18.220393530717786 0.008162253797120463
18.584801401332143 0.00798894854219352
18.956497429358787 0.00781560140805785
19.335627377945965 0.007642286238314781
19.722339925504883 0.007469078600849362
20.116786724014982 0.007296056089033153
20.519122458495282 0.007123297266986568
20.92950490766519 0.006950882759441247
21.348095005818493 0.006778894463153268
21.775056905934864 0.00660741586666997
22.210558044053563 0.0064365312580637974
22.654769204934638 0.006266327023525848
23.10786458903333 0.006096890087739773
23.57002188081398 0.00592830825535842
24.041422318430257 0.005760670751322394
24.522250764798866 0.005594067390275004
25.012695780094845 0.005428588657845704
25.51294969569674 0.005264325596694147
26.023208689610676 0.005101369622947673
26.543672863402893 0.004939812492120878
27.07454632067095 0.0047797459580758185
27.61603724708437 0.004621261868697774
28.16835799202606 0.004464451661642135
28.731725151866584 0.0043094065875101655
29.30635965490392 0.004156217138369299
29.892486848001997 0.004004973083804797
30.490336584962037 0.0038557633298765626
31.10014331666128 0.0037086755429668345
31.722146182994507 0.003563796005562293
32.3565891066544 0.0034212094657362006
33.00372088878749 0.0032809988806865222
33.663795306563244 0.0031432452409184816
34.33707121269451 0.003008027229142946
35.0238126369484 0.0028754211763591044
35.72428888968737 0.0027455006649329218
36.43877466748112 0.0026183364822138216
37.16755016083074 0.0024939961838618963
37.91090116404736 0.002372544156350344
38.669119187328306 0.00225404104154185
39.44250157107484 0.0021385437810084082
40.23135160249634 0.0020261053727747115
41.03597863454627 0.0019167745482217382
41.856698207237194 0.001810595664817077
42.69383217138194 0.0017076084686870622
43.54770881480958 0.0016078479192541024
44.418662991105776 0.0015113439844468258
45.307036250927894 0.0014181215661716491
46.21317697594646 0.0013282002041059792
47.137440515465386 0.0012415940345277354
48.0801893257747 0.001158311682456233
49.04179311229019 0.0010783560564826132
50.022628974536005 0.0010017243248577146
51.023081554026724 0.0009284078299390195
52.04354318510726 0.0008583920394466138
53.08441404880941 0.0007916564962976709
54.1461023297856 0.0007281748101696502
55.22902437638132 0.0006679146893833348
56.333604863908946 0.000610837979047586
57.46027696118713 0.000556900682263835
58.60948250041087 0.0005060530959375171
59.78167215041909 0.00045823989646221884
60.97730559342748 0.00041340029082173266
62.196851705296034 0.00037146817630889117
63.44078873940195 0.0003323723333563298
64.70960451418999 0.0002960366595389268
66.00379660447373 0.00026238040587794805
67.32387253656321 0.00023131844778619609
68.67034998729449 0.00020276159079233997
70.04375698704038 0.00017661689033485095
71.44463212678119 0.00015278800234756846