0.115959235029566 0.03909989909658817
0.1264314306931515 0.03754724466407309
0.13281090003624216 0.03686331918062235
0.15278499219896055 0.03526878961465648
0.16605806756219946 0.034232933675810366
0.18048423085025755 0.03329360155060122
0.19248459691773917 0.032568278221100797
0.22481278719171346 0.03065789289741681
0.244343220279864 0.029757460510105735
0.2655703442963888 0.028740325981456892
0.2832280716956756 0.02804908938160222
0.3283010697189434 0.02591855044692581
0.3568219655052059 0.024908569879078222
0.3878205915563963 0.023890419836705735
0.4136067172764062 0.022997525690447936
0.4830728297280944 0.021141869665482284
0.5250393997598183 0.02013712864225038
0.570651782372678 0.01910405264437918
0.6062941587848898 0.018374216482403418
0.7054462014060027 0.016739004904798467
0.7667312822323915 0.01572324274731473
0.8333404559866486 0.014798500041337037
0.9057362490311823 0.013928144912146292
0.9844213693403352 0.013044009781181271
1.0699421972461405 0.012215998056078039
1.1410824734769875 0.011529945449642663
1.322674671466022 0.010084171239602166
1.4375809874774397 0.009359962740975634
1.5624696988156557 0.00867051576639257
1.6537859460117956 0.008178835882071557
1.9025070441598684 0.0070165759631701475
2.06778583897332 0.006448276632884095
2.2474230983710908 0.005873245555719741
2.37877044120963 0.005518213870709548
2.736525565327497 0.0046087215866810055
2.9742590595618146 0.004127419932412033
3.232645463089926 0.0036927107719991604
3.3957580887701213 0.003439454899291201
3.8769901230952413 0.0028378216782359547
4.213800573819118 0.0025038601464348895
4.642730853259034 0.002144954385213999
5.410181411835007 0.0016560984269577814
5.880186643203339 0.0014281884245015133
6.391023207330739 0.001220677506547346
6.946238293958119 0.0010335147283521873
7.549687252129742 0.0008715778939496931
8.205560361288978 0.0007273852502704327
8.851125570993648 0.0006141938297573005
10.220920058227819 0.00044126136159650895
11.10885440480182 0.0003563798199053655
11.937544939951113 0.0002948460701593016
13.526453520155828 0.0002079764432244574
14.701553471966395 0.00016384856897830386
15.738540634158259 0.00013416519825817566
17.6988218938198 0.00009060534109014866
19.019106205077097 0.00007087677212499677
20.2070217839379 0.00005773519882690999
22.467185457669956 0.00003871106449249559
23.961024829275367 0.000030023874812587646
25.36139174073706 0.000023893941034207535
27.879559290961947 0.000015711056923465794
29.508939195009155 0.000012563695481761598
