0.10383419080752745 1934.8598043633497
0.11285470401391959 1894.9030584603647
0.12265886717100594 1846.574149777208
0.13331475924848282 1797.6906453717977
0.14489637352269688 1748.3630420066527
0.15748413137735778 1698.7001638063375
0.17116544074028162 1645.5352731755245
0.18603530303388466 1587.7110670809982
0.2021969728540213 1527.3589152668687
0.21976267495789883 1469.3008724402705
0.23885438353975133 1406.4445977404537
0.2596046692054704 1342.269983295189
0.28215761952748736 1275.942007541284
0.30666983957213323 1208.0802983178905
0.33331153934702135 1140.4231484205163
0.3622677157195609 1073.3505982361673
0.39373943701370806 1001.2286082235839
0.4279452392050424 931.1727412974511
0.4651226434091869 858.3083292272173
0.5055298052008346 788.7906540478857
0.5494473072160609 716.3109840188002
0.5971801074855436 649.845202890448
0.649059657027692 581.4020429569379
0.7054462014060027 516.0488403715102
0.7667312822323915 451.71383159970156
0.8333404559866486 391.87904450221384
0.9057362490311823 334.27536968949806
0.9844213693403352 281.19982406036587
1.0699421972461405 231.4363960624959
1.1628925794398572 186.91702543337283
1.259141011840213 149.06833687869243
1.3530695305612124 118.9702624574826
1.4485094944684598 94.0730557186918
1.5448206464397696 74.1193696843405
1.6351054206859026 58.03860863949319
1.7241257518763329 45.37755320538013
1.8111215828767975 35.684063172059176
1.8953165747328033 27.65096806678644
1.9759293047176287 21.65385250995158
2.052185104505615 16.95125175100348
2.1313837965253355 13.125665928703322
2.205272570639213 10.069454559049932
2.2730991456619787 7.960582911308434
2.343011832098167 6.0737366354877675
2.4150747915367687 4.583740428760059
2.4799457181156264 3.5615809025978273
2.536934486625344 2.759807910051021
2.5952328482090263 2.115280030319813
2.6548708971126853 1.6153794042739098
2.7158794191434428 1.2291329783319094
2.7615082225404066 0.9017782955302163
2.820691649388753 0.7038830446819084
2.8550785027184835 0.5466205444710296
2.91626728656229 0.4051514670695862
2.9518192957565734 0.3192509743545074
2.996869410706317 0.24625799812244514
3.0426070720989995 0.18382618639534698
3.089042773140053 0.13835175753116355
3.13618716718026 0.10355914831211392
3.1840510701598563 0.07815423739525948
3.232645463089926 0.054749161127951175
3.2819814945717085 0.03757523743334165
3.3320704833543 0.02626858052918307
3.3829239209314457 0.01841442804842304
3.4345534741779082 0.012698701736183716
3.48697098802613 0.008661904364380387
3.526808449897638 0.005812285060102305
3.567101041270891 0.004244923667166816
3.5942181838922664 0.0031803085751429976
3.6215414713397704 0.0024292646398409567
3.6582959013078433 0.0018751224398973541
3.686106308290768 0.0014743311493805075
3.714128130303374 0.0011549896946024098
3.742362974525113 0.0009048178865367462
3.7708124603532456 0.0007011278498821548
3.799478219495697 0.000533484183367101
3.8331971447128974 0.0004334390528809662
3.8404614706337385 0.00031414351525842443
3.8574651466708776 0.00023415972270128332
3.8916986838289964 0.00017135842532201893
3.9302026213335677 0.00011599428855607872
3.9461090982993703 0.00007993210046478007
3.98615751184029 0.00006126468993689526
3.996232961802667 0.00004577442085991833
4.020518068864271 0.00003117769348374747
4.051082092878114 0.000019960218415217518
4.072615051945239 0.000014317120303731997
4.080333100866428 0.000010658251167536353