0.1106542755219684 2.9879540645548595
0.12081501103035514 2.9468702604267114
0.1347357576319882 2.8789493572441764
0.1482260697447807 2.849209278283623
0.16605806756219946 2.7952268092539683
0.18801824825597632 2.708012565944685
0.20528286530098058 2.661064690445452
0.22893630641844337 2.5808559033697533
0.24995818963815666 2.519534435010386
0.28344264896808097 2.422317137853443
0.32238782775954994 2.298504048993172
0.3633667988915094 2.2049897311426374
0.4132936006668739 2.083157141331608
0.4512439369180132 2.002777645810798
0.5055298052008346 1.8722308768128713
0.5723830814750627 1.733692144853057
0.6510288375968543 1.5954918044788224
0.7404805646778658 1.4428524826523095
0.846058742430687 1.284064911130936
0.9623076877182365 1.1344551768319433
1.0618698505841107 1.010343047027492
1.1860174153561167 0.8900273369740498
1.322674671466022 0.7529633468891176
1.4874176696495063 0.626419907844346
1.666358045552674 0.5126686093755296
1.8527408763458275 0.4082632933749888
2.0459778172108862 0.322759666623103
2.2645080342851545 0.24558599006045043
2.4799457181156264 0.18550825201351315
2.7056148327436773 0.1370972756845065
2.9184766886042883 0.10040112075659938
3.13618716718026 0.07233154746246802
3.3320704833543 0.05144921517737776
3.524138516702229 0.03698439720139353
3.7188191008826994 0.025513959826543094
3.8916986838289964 0.017755577877701316
4.057222723118331 0.01250585777211335
4.213800573819118 0.008530363675518793
4.359880580276626 0.005828189478827651
4.476990615132211 0.004049778752178086
4.57120822879954 0.0030100651248428246
4.685115896142742 0.002051698236601713
4.744626696231007 0.0015301532620595132
4.8109620233008705 0.0011668329043670242
4.87822479438249 0.0008296624433551533
4.927733097129414 0.0006171848243375978
4.996628461852356 0.0004401228091385224
5.015584716798007 0.0003441642634378556
5.05371324876876 0.00024605491806353123
5.092131634272517 0.00016147797093625876
5.130842076779122 0.00010040974210898027
5.130843076779122 0.00007735353138480365
5.130844076779122 0.000054921194182834375
5.130845076779122 0.00003732602058113251
5.130846076779122 0.000026929843144348978
5.130847076779122 0.000018209174762073222
5.130848076779122 0.000013704637956786229
